LAT=13.736717
LON=100.523186
APPID=54ca27d735e2cbf8eeb276d82180c4ed